59.65
86.48
84.42
84.45
84.77
84.60
0.00
84.19
84.53
84.61
84.65
85.71
83.76
1.70
94.87
92.70
83.96
93.73
95.03
93.37
89.16
91.82
94.44
73.93
58.00
91.79
94.93
91.66
92.18
92.27
89.21
89.73
91.79
46.53
87.15
94.65
96.10
91.88
90.00
93.13
90.42
92.58
90.55
45.30
93.00
92.77
92.55
94.42
89.32
90.06
89.98
48.88
92.27
93.66
93.38
92.82
92.68
94.34
56.29
92.71
92.36
93.70
92.81
93.44
61.51
92.96
93.12
92.89
94.59
72.78
94.87
92.60
93.28
91.23
86.41
94.46
92.69
92.07
94.81
92.28
93.65
93.96
93.21
92.12
93.09
94.81
95.10
92.30
91.56
92.39
90.54
92.98
92.45
93.00
92.87
93.37
94.73
93.56
92.29
91.68
93.24
93.64
93.30
94.53
93.81
92.51
93.46
92.66
93.63
93.68
92.74
94.63
93.02
92.78
92.43
94.31
93.40
93.64
94.29
94.27
93.74
93.71
94.10
94.81
93.44
93.17
93.85
92.48
91.09
92.10
93.48
94.53
92.15
93.09
92.34
93.39
93.87
93.37
93.38
94.84
95.01
93.34
92.89
93.49
92.75
91.01
93.24
93.31
93.03
93.27
94.80
94.58
94.42
93.40
94.87
93.88
93.54
93.87
92.69
92.38
95.73
94.87
94.05
93.82
93.80
93.72
94.26
94.99
92.89
93.59
93.40
93.20
92.84
92.67
92.78
93.64
94.33
93.83
92.40
93.95
94.27
93.42
93.02
92.59
92.56
93.60
94.08
95.64
92.42
93.71
92.76
93.87
92.42
93.21
93.31
92.74
94.38
87.58
91.69
91.65
93.77
92.59
90.11
89.23
91.80
88.17
91.20
86.60
83.45
83.18
80.88
73.20
83.17
66.78
63.18
54.02
1.60
1.37
1.28
1.31
1.25
1.17
1.17
1.07
0.92
0.89
0.84
0.83
0.97
0.94
0.53
0.70
0.73
0.74
0.76
0.78
0.53
0.57
0.53
0.46
0.41
0.44
0.45
0.39
0.35
0.37
0.38
0.36
0.40
0.51
0.59
0.48
0.43
0.34
0.17
0.14
0.16
0.13
0.21
0.36
0.35
0.26
0.24
0.43
0.45
0.34
0.41
0.37
0.34
0.30
0.31
0.34
0.32
0.29
0.29
0.29
0.30
0.41
0.34
0.35
0.24
0.23
0.14
0.16
0.20
0.19
0.16
0.24
0.27
0.32
0.25
0.28
0.25
0.25
0.31
0.29
0.31
0.27
0.23
0.21
0.20
0.26
0.20
0.23
0.24
0.33
0.33
0.33
0.26
0.27
0.22
0.28
0.29
0.46
0.47
0.53
0.29
0.19
0.23
0.23
0.17
0.36
0.26
0.14
0.21
0.11
0.14
0.18
0.17
0.15
0.17
0.13
0.17
0.11
0.27
0.09
0.13
0.15
0.06
0.08
0.11
0.10
0.11
0.05
0.05
0.09
0.08
0.11
0.06
0.08
0.07
0.08
0.06
0.07
0.05
0.05
0.07
0.06
0.04
0.05
0.07
0.05
0.05
0.06
0.05
0.04
0.06
0.05
0.05
0.03
0.04
0.03
0.05
0.03
0.03
0.03
0.04
0.03
0.02
0.03
0.04
0.09
0.02
0.03
0.07
0.02
0.02
0.02
0.06
0.02
0.02
0.03
0.01
0.04
0.02
0.04
0.03
0.03
0.02
0.02
0.02
0.04
0.02
0.02
0.03
0.02
0.03
0.03
0.03
0.04
0.03
0.01
0.04
0.02
0.01
0.01
0.05
0.02
0.04
0.01
0.01
0.02
0.01
0.02
0.01
0.01
0.01
0.02
0.04
0.01
0.01
0.02
0.08
0.04
0.01
0.04
0.02
0.01
0.02
0.04
0.02
0.04
0.02
0.02
0.02
0.01
0.03
0.02
0.02
0.01
0.01
0.01
0.01
0.01
0.02
0.06
0.02
0.02
0.02
0.01
0.01
0.02
0.01
0.02
0.02
0.01
0.01
0.01
0.01
0.01
0.01
0.00
0.00
0.00
0.00
0.00
0.01
0.01
0.00
0.00
0.00
0.00
0.00
0.00
0.00
0.00
0.00
0.00
0.00
0.01
0.00
0.00
0.01
0.01
0.01
0.00
0.01
0.01
0.00
0.01
0.00
0.01
0.00
0.01
0.01
0.01
0.01
0.00
0.00
0.00
0.00
0.01
0.00
0.00
0.01
0.01
0.01
0.00
0.00
0.00
0.00
0.00
0.00
0.00
0.00
0.00
0.00
0.00
0.00
0.00
0.00
0.00
0.00
0.00
0.00
0.00
0.00
0.00
0.00
0.00
0.00
0.00
0.00
0.00
0.00
0.00
0.00
0.00
0.00
0.00
0.00
0.00
0.00
0.00
0.00
0.00
0.00
0.00
0.00
0.00
