1	0.681237857	0.347973911
1.03125	1.095101382	0.123990669
1.0625	3.838629798	1.683450268
1.09375	6.819306931	3.337252475
1.125	7.625637291	1.36416606
1.15625	11.64622642	3.938679245
1.1875	14.90784983	5.359215017
1.21875	15.14486755	4.954470199
1.25	15.08399646	4.949602122
1.28125	21.21428571	10.90733591
1.3125	17.37274549	6.542084168
1.34375	27.64293194	15.98534031
1.375	26.03323558	9.044965787
1.40625	29.46758767	13.9968119
1.4375	34.17913593	20.67755532
1.46875	33.37081081	19.71351351
1.5	26.5809628	16.27789934
1.53125	26.89440338	12.80359029
1.5625	44.88340336	30.90546218
1.59375	47.87707317	28.89658537
1.625	55.62649494	42.49402024
1.65625	42.70694577	30.43577545
1.6875	54.75773652	47.07161804
1.71875	68.26132404	52.6402439
1.75	76.74979757	55.99109312
1.78125	54.62426778	40.12719665
1.8125	66.45846906	50.19625407
1.84375	73.3358043	56.51890289
1.875	67.27900147	52.38839941
1.90625	78.07262997	62.69342508
1.9375	64.20086083	46.85724534
1.96875	76.42411038	61.62745098
2	60.0990099	43.39823982
2.03125	70.52681202	52.43370654
2.0625	80.16878403	65.69328494
2.09375	80.42938569	60.150095
2.125	74.99632353	72.82230392
2.15625	89.8038961	73.25
2.1875	79.24827586	65.97617555
2.21875	90.28322309	65.27179796
2.25	93.1460396	70.11200495
2.28125	90.19763314	67.1112426
2.3125	90.82320778	69.88213852
2.34375	104.4983051	86.08813559
2.375	90.5403835	63.8413713
2.40625	78.92911255	55.72943723
2.4375	82.72040022	65.74652585
2.46875	89.75641026	66.37681159
2.5	99.10434783	75.1125
2.53125	91.17308707	73.51081794
2.5625	84.02123252	58.05334024
2.59375	79.78200692	57.32575383
2.625	87.47850563	59.35926305
2.65625	80.31425703	57.26757028
2.6875	87.27126884	54.14778804
2.71875	102.2482014	71.72764645
2.75	86.92429668	58.28081841
2.78125	75.52429907	47.53037383
2.8125	78.9140625	51.27113971
2.84375	73.86884491	49.35158767
2.875	84.62591912	58.80147059
2.90625	70.73693859	43.20989918
2.9375	92.44604651	60.88465116
2.96875	81.4685219	49.89507299
3	79.69300636	51.06766576
3.03125	77.6884721	61.55672461
3.0625	78.5094086	49.71057348
3.09375	85.56566105	55.72138421
3.125	80.43166441	50.46233649
3.15625	88.91158678	65.08143322
3.1875	78.88665105	45.3676815
3.21875	84.89426523	49.90098566
3.25	87.99375279	50.06961178
3.28125	85.75415129	51.38053506
3.3125	77.27704844	45.27206881
3.34375	93.64997785	61.01107665
3.375	83.7169654	48.7190496
3.40625	85.44005213	43.52519548
3.4375	82.49525102	45.15061058
3.46875	88.46495957	50.82210243
3.5	84.76048171	49.85370205
3.53125	90.0456942	48.25175747
3.5625	78.8837963	38.25092593
3.59375	92.79362267	50.97608503
3.625	84.01477618	41.07170795
3.65625	91.70928116	45.79708826
3.6875	81.12050833	48.26862401
3.71875	92.9272249	45.74397194
3.75	81.53241735	41.30914556
3.78125	79.84084881	40.64677277
3.8125	84.62720848	40.21908127
3.84375	86.48365724	41.26810954
3.875	83.36206897	39.03952902
3.90625	77.80900294	35.18342448
3.9375	75.00426439	34.99957356
3.96875	88.07942543	48.16392057
4	79.27856226	37.16859221
4.03125	86.64886801	43.83212302
4.0625	90.95454545	48.82517483
4.09375	89.08102345	39.07462687
4.125	82.52169941	35.95705802
4.15625	83.90356212	44.73588184
4.1875	76.55043478	29.33434783
4.21875	82.97080938	36.63821318
4.25	80.01722653	33.52670112
4.28125	79.96296296	42.30298974
4.3125	87.99823944	55.00132042
4.34375	89.1731794	45.61101243
4.375	85.41333333	37.38222222
4.40625	80.36125212	42.16582064
4.4375	86.5680605	40.16681495
4.46875	79.21328671	28.07561189
4.5	93.35732871	39.1452732
4.53125	87.78378378	34.09764603
4.5625	78.22120817	30.75836593
4.59375	87.51912568	36.18663304
4.625	88.14834206	59.2530541
4.65625	87.80750971	45.38584376
4.6875	84.86534216	41.66578366
4.71875	83.75562417	31.8098809
4.75	83.59115523	38.96841155
4.78125	91.40294511	40.7492191
4.8125	81.56947608	33.31116173
4.84375	87.11667374	37.35468816
4.875	85.55585464	41.19156572
4.90625	87.22495528	40.70572451
4.9375	91.53963415	39.82621951
4.96875	90.73112178	31.91968573
5	88.72363151	33.24165554
5.03125	86.36784622	36.7238969
5.0625	86.00490196	37.25222816
5.09375	100.6802657	40.58017078
5.125	90.91949344	39.89371325
5.15625	85.65896739	33.52672101
5.1875	81.46058662	45.65765353
5.21875	105.0304523	47.15629198
5.25	90.95070104	33.25463591
5.28125	93.30235721	44.83952856
5.3125	93.96410947	39.89412293
5.34375	88.69314571	37.02995915
5.375	107.5453315	47.27875507
5.40625	91.13636364	36.00139147
5.4375	95.84354986	38.22049405
5.46875	96.57836002	81.16254246
5.5	92.27481618	34.68198529
5.53125	96.18244804	36.98845266
5.5625	97.55040227	35.36109796
5.59375	92.72597701	35.81655172
5.625	92.617195	41.44620557
5.65625	86.93261719	43.14941406
5.6875	86.62477064	31.59449541
5.71875	94.01184834	35.41611374
5.75	95.19406393	40.66575342
5.78125	88.78503401	44.90068027
5.8125	94.37535954	44.41946309
5.84375	89.65049458	37.2642487
5.875	91.49666349	29.84032412
5.90625	93.49192432	27.84725427
5.9375	92.39524291	36.69382591
5.96875	100.4781222	35.50182315
6	99.81460934	33.99583911
6.03125	103.893315	35.70421245
6.0625	98.48714417	50.60376492
6.09375	91.88755406	42.59394522
6.125	90.7141496	32.88804192
6.15625	105.9921551	52.76188279
6.1875	92.83075435	33.03191489
6.21875	101.0455635	38.13573141
6.25	101.2307692	43.74759615
6.28125	106.7825661	34.77668952
6.3125	100.7220603	39.74246842
6.34375	97.28858723	30.95776772
6.375	97.42927068	36.25697504
6.40625	104.3076923	39.68441815
6.4375	103.7867299	56.63875724
6.46875	103.8335759	32.53857351
6.5	103.7008755	32.14348249
6.53125	105.8498294	35.81569966
6.5625	108.2147887	28.1001006
6.59375	98.29969419	26.70795107
6.625	104.8023434	32.1339786
6.65625	102.4931437	30.49771458
6.6875	106.1319018	33.60582822
6.71875	101.227154	27.20626632
6.75	107.85587	25.81079665
6.78125	108.88	37.61263158
6.8125	97.74554974	50.30732984
6.84375	107.6022913	61.89143481
6.875	108.6743941	46.67702845
6.90625	105.8789166	30.45406267
6.9375	101.5924623	24.87638191
6.96875	112.5812196	28.07825148
7	106.1894019	53.44596013
7.03125	106.620814	59.46110252
7.0625	102.4056995	26.82279793
7.09375	102.9144357	32.14698163
7.125	102.5502008	26.91064257
7.15625	108.7045952	45.8714442
7.1875	109.9800775	38.81627006
7.21875	103.4576	31.70666667
7.25	108.7275785	44.98654709
7.28125	101.9801749	35.21399417
7.3125	108.4571106	32.76805869
7.34375	107.8446328	25.81299435
7.375	108.3854447	33.6296496
7.40625	109.5842135	27.48137854
7.4375	104.0319207	39.71381398
7.46875	110.7790241	39.73864274
7.5	108.9070022	47.5273523
7.53125	119.9462175	84.54137116
7.5625	108.0764509	18.55915179
7.59375	113.1255708	29.41894977
7.625	104.9511785	34.65263749
7.65625	104.7780307	49.44393853
7.6875	116.1488506	57.77183908
7.71875	110.4671702	54.04997095
7.75	108.2449092	45.12658228
7.78125	109.6172911	43.08818444
7.8125	111.3167702	37.68266516
7.84375	107.5222349	27.99429875
7.875	118.2831858	35.2300885
7.90625	106.4782353	23.15235294
7.9375	112.79274	47.17154567
7.96875	111.3075518	36.25517661
8	121.553539	36.92014519
8.03125	111.2978723	21.57993921
8.0625	114.1156828	50.15980918
8.09375	116.5810651	30.09763314
8.125	112.4812427	27.93200469
8.15625	108.3166565	44.30567419
8.1875	114.0031586	27.54643083
8.21875	119.2748268	25.00981524
8.25	112.8627451	31.84742647
8.28125	111.6741433	50.55451713
8.3125	120.6805031	55.49622642
8.34375	109.8239609	28.23716381
8.375	121.0240444	23.56596794
8.40625	122.9032836	47.72358209
8.4375	123.3118141	22.30083925
8.46875	119.7323298	45.91164921
8.5	117.0530165	40.19804997
8.53125	111.9139923	31.84531451
8.5625	125.3114251	21.74692875
8.59375	125.412077	45.53815528
8.625	120.4113884	59.75559821
8.65625	119.2762467	19.75524934
8.6875	124.4407767	23.62847896
8.71875	126.4656895	63.28514324
8.75	110.6706324	45.40701315
8.78125	118.1221184	72.01869159
8.8125	118.0282152	48.80380577
8.84375	119.6614481	25.63144162
8.875	125.0343666	31.25269542
8.90625	117.2806222	20.68891769
8.9375	118.519401	47.66371681
8.96875	124.5152722	43.59296149
9	125.4152086	19.11103634
9.03125	123.8810697	31.32653061
9.0625	130.0468855	22.29269926
9.09375	119.6983471	68.77203857
9.125	123.9747785	51.36946149
9.15625	123.7307958	33.58754325
9.1875	123.4780293	67.31757656
9.21875	127.0533526	29.27180966
9.25	135.0046388	36.2027833
9.28125	123.0412304	80.63743455
9.3125	125.0502152	26.63629842
9.34375	135.1273932	52.92120766
9.375	133.2190408	23.79241231
9.40625	119.2320819	28.34061433
9.4375	127.6971351	23.89017735
9.46875	128.9097956	32.14517266
9.5	126.0841121	22.16534867
9.53125	124.8885673	22.00289436
9.5625	128.0912409	51.6540146
9.59375	130.9017422	45.75749129
9.625	135.9922899	46.75558982
9.65625	125.2261002	63.65705615
9.6875	127.0977389	32.16484318
9.71875	127.5355619	43.87624467
9.75	141.4445272	135.9300074
9.78125	139.1506647	17.77474151
9.8125	127.3097668	47.00072886
9.84375	130.2528571	13.34928571
9.875	130.0178174	19.22048998
9.90625	139.5142198	35.66102998
9.9375	127.8181818	43.51014275
9.96875	126.7873832	30.91043614
10	120.5023112	20.88135593
10.03125	129.511823	76.85659802
10.0625	131.4615981	122.1737781
10.09375	132.1226486	40.68171558
10.125	128.6333596	73.84736428
10.15625	140.9939804	60.69300226
10.1875	125.1946768	25.62281369
10.21875	131.7182986	15.75361156
10.25	128.8688259	14.87125506
10.28125	142.7807361	52.00078309
10.3125	132.0236035	16.81038552
10.34375	128.3375796	20.83598726
10.375	127.9635628	46.12469636
10.40625	131.5704334	16.95665635
10.4375	136.9508963	25.10600156
10.46875	139.2063125	19.31947652
10.5	130.8736581	48.77869529
10.53125	138.9760192	36.54356515
10.5625	137.7478599	26.88793774
10.59375	126.8369653	43.66424536
10.625	140.0772908	76.80956175
10.65625	139.9477492	67.63263666
10.6875	133.7752627	75.0113177
10.71875	138.4963024	67.55217749
10.75	138.4776967	18.4947283
10.78125	136.2022746	35.89277011
10.8125	147.1841187	37.88743455
10.84375	143.9172996	31.04894515
10.875	140.6844229	42.53591606
10.90625	152.2918699	27.49186992
10.9375	142.7778669	58.74819567
10.96875	144.541868	65.28341385
11	138.5984064	41.4438247
11.03125	134.8529412	77.45798319
11.0625	143.7876322	74.44670464
11.09375	140.3696721	49.43770492
11.125	138.560308	36.40975192
11.15625	150.5960265	25.87996689
11.1875	145.4561404	116.7351713
11.21875	143.0228041	14.90456081
11.25	148.3786828	34.68544194
11.28125	137.1778553	25.67306016
11.3125	143.131993	11.99475524
11.34375	145.1769912	64.56017699
11.375	147.90625	16.89149306
11.40625	138.9481547	19.43673111
11.4375	133.6706081	32.08952703
11.46875	151.1028369	33.09397163
11.5	147.5607639	173.6822917
11.53125	150.9093287	54.78901482
11.5625	141.2552801	91.55371901
11.59375	144.0649351	15.99134199
11.625	139.682363	39.24743151
11.65625	142.1145105	60.17832168
11.6875	153.1482434	68.83204799
11.71875	138.2049632	22.96691176
11.75	149.0924007	73.16062176
11.78125	147.1919283	72.34529148
11.8125	150.9727353	19.55672823
11.84375	145.1269127	61.07470747
11.875	149.0283019	48.84716981
11.90625	141.719963	18.2689464
11.9375	158.6791958	41.98776224
11.96875	137.0348728	29.42130066
12	163.5141777	37.1758034
12.03125	139.7576302	68.36086176
12.0625	145.1946903	37.24090462
12.09375	148.854109	72.53370268
12.125	147.5116906	83.73741007
12.15625	147.9329556	9.834749764
12.1875	154.2126126	108.445045
12.21875	158.9259259	33.22854562
12.25	146.4108527	14.27325581
12.28125	157.6905791	49.28694901
12.3125	141.8705882	111.1735294
12.34375	145.014313	54.83492366
12.375	143.3265306	45.39552964
12.40625	143.8909953	23.98578199
12.4375	157.6648045	97.99534451
12.46875	143.0591085	73.16472868
12.5	147.568684	22.8635927
12.53125	144.7471154	80.4
12.5625	152.850495	25.35049505
12.59375	155.5845411	81.2763285
12.625	162.5748332	46.95900858
12.65625	154.0738189	91.34744094
12.6875	149.2950655	85.88217523
12.71875	146.469285	49.76233635
12.75	151.863	45.918
12.78125	147.4545455	65.22632576
12.8125	152.5530888	123.7162162
12.84375	161.6446991	38.11365807
12.875	149.9685967	130.9371933
12.90625	152.087001	34.94370522
12.9375	148.7954545	71.39822134
12.96875	146.2180905	74.27236181
13	161.2748768	81.72512315
13.03125	145.8194308	172.3150147
13.0625	150.7435897	50.51897436
13.09375	140.5895062	80.24485597
13.125	154.0500491	113.1059863
13.15625	146.1444444	11.81111111
13.1875	154.4490644	19.54054054
13.21875	145.8137931	48.32906404
13.25	160	87.87677208
13.28125	163.1602823	49.09072581
13.3125	156.063786	63.99279835
13.34375	159.6879362	46.45762712
13.375	158.6622177	39.90759754
13.40625	160.9391396	13.9066107
13.4375	164.6339093	36.35205184
13.46875	149.6167315	87.94649805
13.5	159.2072801	21.77249747
13.53125	147.6795005	86.07700312
13.5625	164.6545988	37.59882583
13.59375	152.5191532	74.94657258
13.625	143.0861723	99.66232465
13.65625	154.5129803	77.77258567
13.6875	153.4916574	16.99332592
13.71875	158.73746	138.1451441
13.75	150.1425462	99.6702938
13.78125	155.942246	87.94117647
13.8125	156.0603448	66.17564655
13.84375	144.700925	73.88797533
13.875	156.0715015	40.68437181
13.90625	157.9589633	57.20086393
13.9375	151.2523962	16.77635783
13.96875	155.3377016	47.99495968
14	163.9062833	53.00425985
14.03125	153.0357143	57.48701299
14.0625	153.1155943	14.1046892
14.09375	164.7466111	88.21376434
14.125	153.2225738	15.44409283
14.15625	175.2543478	50.19782609
14.1875	161.1525054	16.49346405
14.21875	163.745531	122.9516299
14.25	172.1351351	37.63721414
14.28125	156.2846238	19.78625954
14.3125	158.6533044	16.60671723
14.34375	155.7812852	21.51634724
14.375	161.2390608	38.86339381
14.40625	157.7331118	159.8925803
14.4375	145.1821121	102.6465517
14.46875	151.2333333	151.955914
14.5	146.0311111	184.4655556
14.53125	167.3547672	54.76496674
14.5625	152.707151	13.82860386
14.59375	151.4685083	120.1756906
14.625	155.5078475	93.94843049
14.65625	161.8458289	138.7317846
14.6875	160.534188	128.1709402
14.71875	156.2579281	19.22938689
14.75	150.4933036	54.87053571
14.78125	155.2367601	154.3634476
14.8125	161.5470653	134.9058693
14.84375	160.0031712	51.83826638
14.875	157.1398964	60.28911917
14.90625	147.6591398	38.71182796
14.9375	154.0114286	54.08
14.96875	153.5364759	194.4792368
15	152.6232719	118.7062212
15.03125	158.6103896	66.10281385
15.0625	158.7293987	132.5356347
15.09375	159.1590437	37.09355509
15.125	166.0951302	61.97281993
15.15625	158.9344074	149.2393556
15.1875	161.136108	81.22834646
15.21875	168.636971	42.33296214
15.25	159.9873708	97.62686567
15.28125	166.062645	44.99071926
15.3125	169.3878924	66.75784753
15.34375	160.3673696	28.24750277
15.375	153.6248492	18.61158022
15.40625	151.4774775	79.48198198
15.4375	157.9398664	87.70935412
15.46875	146.8633687	77.50765607
15.5	154.6156584	75.82562278
15.53125	164.2192771	22.81686747
15.5625	170.850348	27.26682135
15.59375	158.8784838	95.11371237
15.625	159.8857466	130.1029412
15.65625	184.1859296	138.571608
15.6875	160.4544432	36.68953881
15.71875	158.3003452	88.69044879
15.75	155.6869266	82.72706422
15.78125	163.8409611	29.14530892
15.8125	159.3042453	97.81603774
15.84375	153.0790698	110.022093
15.875	161.6401869	43.85280374
15.90625	146.9484305	24.73654709
15.9375	160.6245695	109.9873708
15.96875	154.318287	25.94560185
16	165.2550336	98.16331096
16.03125	166.4925714	14.84571429
16.0625	167.9173653	25.91017964
16.09375	153.1540154	21.4950495
16.125	160.9015487	17.63606195
16.15625	170.8150852	10.40145985
16.1875	150.6389812	14.50941307
16.21875	157.3580683	67.24852768
16.25	167.735658	36.92013498
16.28125	170.2319645	66.64372919
16.3125	159.1301518	90.80802603
16.34375	161.9125874	54.88927739
16.375	159.1851852	15.05973716
16.40625	167.299886	74.51653364
16.4375	159.3011364	30.01022727
16.46875	166.2554585	94.36026201
16.5	161.5981087	79.07210402
16.53125	171.6689735	32.42445213
16.5625	164.8187702	88.20604099
16.59375	154.1614035	150.6795322
16.625	149.1929224	25.29794521
16.65625	154.5431953	89.3964497
16.6875	158.3589744	103.4688645
16.71875	172.1108571	51.104
16.75	161.4014688	93.11505508
16.78125	169.8292978	27.76513317
16.8125	152.0494118	28.44470588
16.84375	158.5757919	63.26470588
16.875	159.2021403	80.56004756
16.90625	159.5664251	139.4661836
16.9375	163.6864295	46.33860343
16.96875	159.7629362	15.00361011
17	159.3508772	150.8092105
17.03125	157.7736077	45.05569007
17.0625	177.6689342	71.9399093
17.09375	154.0880952	100.922619
17.125	151.7408759	60.513382
17.15625	151.6258741	67.35081585
17.1875	165.8256659	14.30992736
17.21875	160.3249097	36.96149218
17.25	157.1947431	96.6869773
17.28125	155.626401	24.32627646
17.3125	158.7045455	16.62200957
17.34375	162.8720801	45.09677419
17.375	175.6264108	216.5914221
17.40625	154.9662921	71.99625468
17.4375	166.9471831	28.4084507
17.46875	158.9882075	20.66863208
17.5	152.2322097	21.07490637
17.53125	161.6536697	82.16169725
17.5625	158.0625782	41.64705882
17.59375	159.1383875	13.99879663
17.625	153.4083045	19.84890427
17.65625	170.1595238	118.4988095
17.6875	159.3296703	139.045177
17.71875	160.0131422	49.39784946
17.75	145.3477723	11.35519802
17.78125	155.2554745	50.41849148
17.8125	151.5451306	216.5570071
17.84375	170.0795181	145.3144578
17.875	160.4451004	134.9822904
17.90625	164.5985401	13.31995134
17.9375	167.4817518	56.21046229
17.96875	151.2117794	97.13157895
18	159.775842	10.51219512
18.03125	165.9792865	33.83659379
18.0625	166.0591787	37.11231884
18.09375	170.7098624	49.30733945
18.125	172.2416357	31.68277571
18.15625	165.9403341	16.02386635
18.1875	168.0865052	10.24336794
18.21875	163.9487179	12.67051282
18.25	159.1783133	86.71084337
18.28125	155.3387704	66.23839398
18.3125	159.1813842	21.65632458
18.34375	152.4141176	190.92
18.375	167.1868132	15.01343101
18.40625	167.4987981	49.98798077
18.4375	158.2638398	56.0459364
18.46875	159.6824584	73.8809219
18.5	150.7243108	77.02255639
18.53125	144.1555556	74.72345679
18.5625	169.7490996	102.0780312
18.59375	174.5654321	20.98888889
18.625	156.4688249	13.08513189
18.65625	187.122108	18.03341902
18.6875	163.0990099	26.98143564
18.71875	165.5866983	87.87410926
18.75	166.7192771	77.03373494
18.78125	160.7784653	68.47772277
18.8125	163.6368098	141.2196319
18.84375	148.9084249	126.1367521
18.875	153.9700957	179.9748804
18.90625	161.7119438	137.3665105
18.9375	166.5154762	27.23333333
18.96875	161.5829268	15.1402439
19	155.7476077	109.2954545
19.03125	157.403599	60.781491
19.0625	152.3283767	29.61710037
19.09375	170.0835476	40.58226221
19.125	162.9987469	62.6716792
19.15625	161.5992736	88.24455206
19.1875	152.9036585	53.63536585
19.21875	171.3748459	121.97164
19.25	162.7094838	26.3817527
19.28125	178.2593486	122.5862485
19.3125	157.5947631	51.57730673
19.34375	168.3128019	71.23429952
19.375	175.8188105	16.50899032
19.40625	171.2140391	60.67088608
19.4375	166.1884222	40.29284904
19.46875	146.3071979	70.07455013
19.5	167.0987483	67.35883171
19.53125	159.8790219	31.96911197
19.5625	173.2926239	44.18258767
19.59375	170.8646907	39.01675258
19.625	167.6360104	156.0829016
19.65625	172.41169	45.3227446
19.6875	166.6754491	79.00359281
19.71875	169.7040691	42.26140567
19.75	171.5815691	112.9501868
19.78125	161.6321244	22.16062176
19.8125	166.5961768	128.3835125
19.84375	169.6692308	136.9282051
19.875	152.9358354	25.03874092
19.90625	157.2161491	53.63726708
19.9375	166.4221669	145.8206725
19.96875	165.0866834	101.6494975
20	167.5055901	129.3689441
20.03125	164.8308525	11.05142084
20.0625	161.4260028	75.77731674
20.09375	152.804878	124.403794
20.125	171.1940828	12.61893491
20.15625	163.2379714	233.9921977
20.1875	157.9064475	146.8356511
20.21875	161.7784891	26.33930858
20.25	170.5850932	56.46708075
20.28125	160.5800757	103.5762926
20.3125	153.4716049	82.46419753
20.34375	161.7692308	78.17601043
20.375	155.9764268	78.57692308
20.40625	151.6709184	135.7193878
20.4375	152.7402913	43.30825243
20.46875	163.0385093	248.3279503
20.5	151.0888594	34.25464191
20.53125	166.6856436	48.51485149
20.5625	147.0838471	82.68187423
20.59375	163.7882775	96.31937799
20.625	173.6053299	37.88324873
20.65625	166.870844	12.00895141
20.6875	164.4907293	79.37206428
20.71875	153.9901235	52.46790123
20.75	149.9380645	153.8516129
20.78125	167.5295699	76.97311828
20.8125	167.6283186	28.52212389
20.84375	155.6396867	156.2597911
20.875	156.8982118	57.83218707
20.90625	143.9606299	157.7598425
20.9375	166.6696429	35.09438776
20.96875	167.6441799	19.15079365
21	167.68125	69.23625
21.03125	155.0282413	58.20667522
21.0625	154.2756563	147.1634845
21.09375	153.5571616	67.95137976
21.125	146.9362745	43.85661765
21.15625	155.9730424	60.21052632
21.1875	171.1428571	38.13186813
21.21875	163.1563275	20.75062035
21.25	156.2265625	42.17057292
21.28125	176.0498615	49.44736842
21.3125	174.8393524	234.8169365
21.34375	180.3006452	73.67612903
21.375	154.8322981	28.40124224
21.40625	161.3687424	154.6532357
21.4375	169.0726552	43.40951123
21.46875	152.4229299	59.08407643
21.5	150.4665012	71.96277916
21.53125	162.1806775	172.0062735
21.5625	159.6190476	82.62026862
21.59375	147.5745785	20.17509728
21.625	153.8822751	50.9510582
21.65625	160.3669609	65.3593947
21.6875	163.1681997	49.65308804
21.71875	153.1894605	40
21.75	164.6178344	13.99872611
21.78125	159.0822785	25.91139241
21.8125	166.2648172	79.54854981
21.84375	147.6567358	45.94430052
21.875	171.6650426	167.1936663
21.90625	161.6524318	20.34875445
21.9375	169.8396846	58.37844941
21.96875	163.8702101	22.57354759
22	161.364497	48.32544379
22.03125	156.2707317	112.1914634
22.0625	165.5630952	33.96904762
22.09375	168.6221662	14.46095718
22.125	164.0695322	128.7534766
22.15625	162.5432692	208.9266827
22.1875	161.2090113	86.17146433
22.21875	164.8035714	65.18877551
22.25	160.1532567	47.50957854
22.28125	172.0116732	43.60181582
22.3125	162.809291	59.93398533
22.34375	165.7848761	22.11342894
22.375	157.3721805	26.26065163
22.40625	165.6070976	84.34727503
22.4375	154.9689055	40.73631841
22.46875	154.3808933	75.58560794
22.5	158.0780051	182.1624041
22.53125	146.6161252	77.39951865
22.5625	158.5329032	54.37677419
22.59375	168.6915167	63.66195373
22.625	163.4797048	20.69864699
22.65625	142.3193167	68.00525624
22.6875	161.5555556	141.6204744
22.71875	160.6587202	255.8782936
22.75	161.0370828	13.73918418
22.78125	163.0160891	23.50866337
22.8125	140.8229426	14.20947631
22.84375	165.9591078	195.6815366
22.875	154.3078849	50.10012516
22.90625	154.3762755	31.02168367
22.9375	164.7796178	211.8229299
22.96875	182.0038511	68.79974326
23	158.2039072	78.19047619
23.03125	155.101737	29.90322581
23.0625	162.6122195	12.15710723
23.09375	162.9011553	53.60077022
23.125	158.9545455	15.15277778
23.15625	157.6488834	12.20719603
23.1875	156.6190476	11.74903475
23.21875	156.9342432	20.09801489
23.25	147.6440887	11.6046798
23.28125	160.003886	55.50388601
23.3125	143.9840098	10.81057811
23.34375	161.1135574	69.22943221
23.375	167.58375	136.8025
23.40625	157.0532044	29.6311971
23.4375	173.8048485	62.71030303
23.46875	152.955414	20.68280255
23.5	162.3963012	67.69616909
23.53125	173.5310436	61.55085865
23.5625	162.8032379	86.34371108
23.59375	150.6280488	89.28780488
23.625	165.5158028	15.56005057
23.65625	159.0040161	14.64524766
23.6875	161.5405405	19.37592138
23.71875	158.9974026	35.95844156
23.75	161.710559	46.47080745
23.78125	165.3301549	127.2872467
23.8125	147.7625628	92.87311558
23.84375	166.4647713	50.19653894
23.875	158.9608586	21.16161616
23.90625	162.6483221	16.47785235
23.9375	165.8317757	72.45443925
23.96875	160.2979003	14.79002625
24	153.5428937	16.99359795
24.03125	161.8194103	157.0233415
24.0625	146.6836735	163.7653061
24.09375	160.8873072	41.35824437
24.125	152.4484925	31.88693467
24.15625	161.5693252	105.1337423
24.1875	155.2258065	64.29280397
24.21875	162.3100872	17.43212951
24.25	153.1037975	13.18227848
24.28125	150.3044525	9.950661853
24.3125	161.9102902	13.51846966
24.34375	167.4464752	15.28720627
24.375	160.5943627	40.77205882
24.40625	160.0146699	64.94621027
24.4375	152.9589552	150.2425373
24.46875	152.7663108	38.27164887
24.5	166.3793103	33.05049261
24.53125	153.2555411	101.5084746
24.5625	160.3341289	25.93198091
24.59375	158.1527273	26.27636364
24.625	161.1630728	61.61320755
24.65625	158.8379085	11.7869281
24.6875	159.8948035	97.55766793
24.71875	156.7038896	90.83814304
24.75	157.6370463	85.45807259
24.78125	149.698647	57.69741697
24.8125	150.0325	14.56
24.84375	159.1599496	57.87405542
24.875	149.3682065	123.5190217
24.90625	166.2194821	26.84217016
24.9375	174.2405832	27.4763062
24.96875	155.5617834	53.2
25	156.016624	35.54859335
25.03125	167.9018405	113.2171779
25.0625	154.563543	37.53016688
25.09375	155.0998752	78.5917603
25.125	152.4020356	73.94402036
25.15625	162.8968553	14.21257862
25.1875	173.1065007	85.01106501
25.21875	152.3373819	57.89203779
25.25	170.9014085	18.07042254
25.28125	152.5839695	55.46310433
25.3125	146.7860465	28.07325581
25.34375	159.6954315	37.68908629
25.375	151.7802747	14.02496879
25.40625	151.7177419	105.6801075
25.4375	148.5529412	34.52156863
25.46875	163.8635236	20.89826303
25.5	157.3165195	273.593947
25.53125	167.0936709	15.59873418
25.5625	163.6542289	56.69029851
25.59375	149.5555556	52.42112483
25.625	160.5772787	29.4015852
25.65625	173.6516854	39.69662921
25.6875	161.3375959	37.6202046
25.71875	172.6528497	35.0388601
25.75	155.5945274	14.55721393
25.78125	173.1555851	68.65425532
25.8125	168.1375796	41.39363057
25.84375	158.9898606	65.26235741
25.875	163.5795918	25.44897959
25.90625	154.8774704	35.10671937
25.9375	173.3862719	10.59084791
25.96875	165.8123487	90.32566586
26	157.7007772	12.45466321
26.03125	171.7550201	34.81659973
26.0625	155.9088575	23.35430039
26.09375	166.2365309	126.3837057
26.125	154.3859649	13.91767881
26.15625	150.691475	250.7983762
26.1875	155.5040214	50.41018767
26.21875	162.0446781	11.83574244
26.25	164.9612903	68.28645161
26.28125	169.4519481	152.0779221
26.3125	157.7750325	104.4863459
26.34375	167.0013605	19.83401361
26.375	159.3987179	140.8461538
26.40625	156.82523	112.5453351
26.4375	156.5305292	64.37856174
26.46875	152.3978202	98.91144414
26.5	172.8869681	82.29787234
26.53125	174.7184595	73.44090305
26.5625	161.7642384	45.78675497
26.59375	159.0239437	27.62676056
26.625	162.2803504	46.62077597
26.65625	173.5	24.19098143
26.6875	180.5185185	26.61813538
26.71875	181.276178	44.30104712
26.75	160.4732824	87.18193384
26.78125	158.8615591	102.4946237
26.8125	158.558309	307.9285714
26.84375	156.4780142	23.38439716
26.875	157.9364238	65.89006623
26.90625	149.4415042	15.12674095
26.9375	154.7121419	72.04638472
26.96875	162.6070959	32.46649146
27	151.2317597	21.90128755
27.03125	166.4007884	127.3929041
27.0625	163.7660739	64.22298222
27.09375	154.5555556	113.8805556
27.125	160.2307692	49.1510989
27.15625	153.0672704	68.89391979
27.1875	177.6725067	33.14555256
27.21875	166.6323319	71.68955651
27.25	176.4238411	188.3615894
27.28125	168.5327869	93.91120219
27.3125	160.0353741	26.19591837
27.34375	166.1140236	96.68938401
27.375	171.5277045	125.2915567
27.40625	152.6915205	72.28070175
27.4375	150.611399	71.53626943
27.46875	164.0495868	178.9738292
27.5	146.1556802	196.9060309
27.53125	162.717033	58.56456044
27.5625	159.8640646	101.0942127
27.59375	157.0215517	19.39511494
27.625	177.0082645	13.91322314
27.65625	174.0297872	18.15460993
27.6875	181.3875862	38.62758621
27.71875	165.5452017	68.06258693
27.75	148	90.77620397
27.78125	182.1616595	14.70672389
27.8125	163.4125364	15.82069971
27.84375	173.0055556	54.34166667
27.875	148.3986301	53.7890411
27.90625	152.5532503	50.63208852
27.9375	155.4375877	63.82328191
27.96875	169.1132867	112.758042
28	171.8609987	46.4291498
28.03125	157.388724	16.92136499
28.0625	164.8885755	12.37799718
28.09375	162.9353024	114.0393812
28.125	175.6628895	10.7407932
28.15625	151.4142442	179.5276163
28.1875	156.2416201	29.40642458
28.21875	159.6439628	48.19349845
28.25	153.465288	27.34564254
28.28125	153.0801688	92.85654008
28.3125	172.0718475	121.8533724
28.34375	166.1464497	178.6612426
28.375	156.9666667	36.27083333
28.40625	161.4674735	59.48108926
28.4375	164.5391766	26.50464807
28.46875	161.7772989	58.45258621
28.5	156.6078148	11.66714906
28.53125	169.0717241	104.2193103
28.5625	147.2462788	165.8809202
28.59375	180.3164933	13.55572065
28.625	157.3609831	33.50384025
28.65625	166.2424677	79.39598278
28.6875	166.7339056	34.90128755
28.71875	161.9640063	114.5289515
28.75	170.179173	10.81623277
28.78125	176.510479	69.99251497
28.8125	153.9076246	162.7008798
28.84375	161.5308271	50.71428571
28.875	163.9899425	153.7255747
28.90625	163.4277457	329.2789017
28.9375	164.7886297	65.00437318
28.96875	175.3614089	35.9280245
29	165.8312057	50.7106383
29.03125	175.776	26.8928
29.0625	192.3473054	10.03143713
29.09375	158.1050296	58.35502959
29.125	153.306525	40.91957511
29.15625	158.6889205	95.01278409
29.1875	159.6108597	117.9276018
29.21875	174.9728959	117.4079886
29.25	169.5974643	34.05229794
29.28125	160.5886736	140.1997019
29.3125	164.2650231	65.29429892
29.34375	155.5251142	51.7869102
29.375	157.1117479	91.98424069
29.40625	155.3132137	65.27895595
29.4375	175.7286136	127.4690265
29.46875	172.3091716	121.2411243
29.5	173.2634643	66.10917031
29.53125	170.9489489	64.62462462
29.5625	169.6132208	175.7229255
29.59375	172.7363636	16.41666667
29.625	163.0078247	100.4428795
29.65625	170.8933718	57.86743516
29.6875	149.7369985	94.33283804
29.71875	176.1616482	85.10935024
29.75	161.9150228	159.7056146
29.78125	154.5166205	42.58587258
29.8125	158.1906158	34.78152493
29.84375	173.6107692	13.72
29.875	185.5457627	132.2949153
29.90625	157.4627575	10.57369255
29.9375	165.1118012	16.21583851
29.96875	159.155309	41.86212361
30	182.0627943	158.0832025
30.03125	154.8973064	79.86868687
30.0625	175.592775	13.57142857
30.09375	151.344	85.2896
30.125	174.85625	10.590625
30.15625	170.6978102	19.38248175
30.1875	163.6856703	56.02927581
30.21875	171.9538905	65.75648415
30.25	170.2757528	46.99683043
30.28125	180.8741722	35.69039735
30.3125	162.8317152	35.97411003
30.34375	160.0804249	33.96054628
30.375	158.1866252	63.73872473
30.40625	170.163297	19.14930016
30.4375	163.875	29.8974359
30.46875	160.8325434	39.14218009
30.5	152.1435484	67.39032258
30.53125	169.4654655	112.3348348
30.5625	148.9643963	15.59442724
30.59375	151.0634921	70.51269841
30.625	159.0455312	67.72175379
30.65625	159.9076923	44.85076923
30.6875	166.6594427	68.0123839
30.71875	158.5225904	67.12951807
30.75	168.847487	152.3968804
30.78125	166.8784	41.9136
30.8125	150.9543379	60.85844749
30.84375	165.9934747	48.36867863
30.875	172.3236246	45.00970874
30.90625	172.3338633	116.8759936
30.9375	152.8967742	14.22419355
30.96875	163.2048611	136.2395833
31	160.2738854	99.63375796
31.03125	163.8137255	59.08986928
31.0625	155.21875	142.9967105
31.09375	166.1459732	15.27348993
31.125	162.3808096	217.2278861
31.15625	179.3246154	25.02769231
31.1875	180.3996737	39.68026101
31.21875	160.8973561	15.75116641
31.25	171.165529	51.88225256
31.28125	160.2512563	39.54103853
31.3125	154.6701209	76.7253886
31.34375	189.7201309	56.52373159
31.375	159.160804	139.3316583
31.40625	175.0738916	132.2807882
31.4375	177.7579299	12.29883139
31.46875	167.4413793	63.09137931
31.5	174.2345277	12.30456026
31.53125	161.0690738	175.6828885
31.5625	156.7929825	25.00526316
31.59375	168.4419014	65.89260563
31.625	182.961039	58.67694805
31.65625	157.9056911	90.96585366
31.6875	176.17	139.9983333
31.71875	148.878089	12.15980231
31.75	190.7557756	126.960396
31.78125	170.6793049	215.9778831
31.8125	179.8617201	13.80775717
31.84375	168.3970588	10.11764706
31.875	161.1785714	10.68877551
31.90625	174.5762712	144.6644068
31.9375	175.4220033	16.12315271
31.96875	155.2875817	103.1029412
32	166.0735786	51.24080268
32.03125	153.9174917	56.47029703
32.0625	159.6548673	45.53451327
32.09375	168.1169687	240.3574959
32.125	150.5642361	45.08333333
32.15625	163.7046632	154.6148532
32.1875	172.0909091	80.26923077
32.21875	163.4494774	11.39372822
32.25	147.3217822	151.7574257
32.28125	175.0963222	20.77583187
32.3125	164.506734	12.66835017
32.34375	166.0990991	45.84144144
32.375	165.3439716	81.48758865
32.40625	170.0519931	128.8197574
32.4375	150.8897196	231.2859813
32.46875	180.4297125	17.49361022
32.5	154.8222222	215.7247863
32.53125	153.7179487	14.13333333
32.5625	148.4983165	127.7020202
32.59375	158.1330049	125.7422003
32.625	179.530648	15.01050788
32.65625	171.5721739	110.04
32.6875	164.2620579	101.0209003
32.71875	173.747331	122.9430605
32.75	154.4576577	21.86846847
32.78125	179.422807	48.77894737
32.8125	173.0286225	114.1717352
32.84375	156.8049209	55.92091388
32.875	161.8613518	144.1958406
32.90625	170.676951	97.08348457
32.9375	166.6819728	40.92857143
32.96875	151.9460371	9.770657673
33	151.0587189	51.03380783
33.03125	180.2980769	41.95
33.0625	146.2857143	76.52961672
33.09375	181.7311828	19.65949821
33.125	174.424812	40.71428571
33.15625	164.2481884	128.4456522
33.1875	164.6449814	199.3494424
33.21875	168.5553603	195.8752197
33.25	171.0290698	83.86627907
33.28125	162.2561837	46.92226148
33.3125	167.8986616	117.3537285
33.34375	161.3977901	17.41436464
33.375	173.1628319	17.34690265
33.40625	165.8211806	89.65625
33.4375	157.2632541	58.25959781
33.46875	170.7957371	75.72824156
33.5	174.92	173.5909091
33.53125	165.1254296	96.48453608
33.5625	157.4744027	33.28156997
33.59375	163.1829945	11.59149723
33.625	161.4383333	162.8983333
33.65625	172.1102662	18.07794677
33.6875	164.7906067	147.3444227
33.71875	174.0167224	26.43979933
33.75	158.7680891	326.1688312
33.78125	178.8015717	65.18664047
33.8125	161.1288014	139.1127013
33.84375	159.0558559	68.32432432
33.875	160.9945355	64.72495446
33.90625	173.8228346	35.95275591
33.9375	165.9405941	192.9029703
33.96875	164.0910781	50.48327138
34	174.1564748	92.33453237
34.03125	171.6454545	47.05818182
34.0625	175.3460803	52.6042065
34.09375	164.136289	16.12479475
34.125	170.9963235	41.36764706
34.15625	154.5378788	41.65530303
34.1875	162.2177264	157.8978805
34.21875	146.0160714	12.87857143
34.25	160.7773438	146.7714844
34.28125	160.8664047	29.10412574
34.3125	153.1789883	144.3929961
34.34375	165.1920792	84.50693069
34.375	157.0821918	15.21722114
34.40625	164.9400749	126.2041199
34.4375	165.3521657	238.6779661
34.46875	185.026975	20.31213873
34.5	154.7357798	14.88623853
34.53125	172.3272395	56.18281536
34.5625	171.1877395	52.98275862
34.59375	170.6840077	102.4797688
34.625	190.108209	106.7817164
34.65625	171.7609108	199.1631879
34.6875	152.5878788	122.030303
34.71875	163.1868979	50.49710983
34.75	157.0230496	140.1028369
34.78125	169.4345992	9.869198312
34.8125	164.8833652	70.39770554
34.84375	165.1178782	237.8310413
34.875	151.8428291	174.1886051
34.90625	173.4639175	90.89484536
34.9375	175.447619	73.90285714
34.96875	153.2555556	12.78703704
35	168.4915254	243.0211864
35.03125	160.1973684	123.5855263
35.0625	173.0064103	11.41452991
35.09375	160.8433962	96.14528302
35.125	160.2055336	126.4881423
35.15625	180.1338432	52.7667304
35.1875	182.5128205	54.45167653
35.21875	159.3514644	11.24058577
35.25	182.987013	218.7606679
35.28125	159.0258964	57.72908367
35.3125	167.9404762	102.7956349
35.34375	154.7131148	210.7151639
35.375	167.4224806	12.26356589
35.40625	168.6386233	85.43021033
35.4375	160.7046843	117.9694501
35.46875	166.1213992	144.0679012
35.5	161.7151052	54.39388145
35.53125	175.0428016	109.1225681
35.5625	180.589011	38.87472527
35.59375	158.8007968	117.5577689
35.625	166.6912351	118.4840637
35.65625	152.6862348	82.51012146
35.6875	163.5988372	124.4341085
35.71875	142.2062044	38.10583942
35.75	171.3165049	328.1650485
35.78125	206.6995885	21.02674897
35.8125	168.0948617	52.99604743
35.84375	146.3608871	18.52016129
35.875	159.6188525	68.70901639
35.90625	163.2261905	283.6269841
35.9375	176.8456914	104.6633267
35.96875	160.0469083	204.7889126
36	162.0481172	137.3995816
36.03125	145.5625	30.2112069
36.0625	172.1459695	28.57734205
36.09375	176.1958763	139.2185567
36.125	161.024952	11.72360845
36.15625	161.2156863	119.1350763
36.1875	151.164271	188.4188912
36.21875	184.9733607	75.50204918
36.25	156.8937876	16.07214429
36.28125	162.2142857	203.5692641
36.3125	180.3726708	13.04761905
36.34375	165.863354	31.04968944
36.375	171.5675676	94.86293436
36.40625	165.7537155	78.89596603
36.4375	170.8704883	139.2951168
36.46875	166.3180778	41.05720824
36.5	183.2105263	110.8821053
36.53125	182.7208333	93.43333333
36.5625	164.4689655	15.50804598
36.59375	182.4671202	115.0929705
36.625	169.0591966	45.38900634
36.65625	169.6484018	13.76027397
36.6875	167.0990338	14.26811594
36.71875	175.4061224	19.19387755
36.75	155.4272931	369.6420582
36.78125	181.8636364	108.6272727
36.8125	162.1936842	10.60421053
36.84375	153.6252874	52.09655172
36.875	172.7226721	129.6700405
36.90625	186.3452632	21.78736842
36.9375	168.7713568	66.00251256
36.96875	189.5835189	242.7327394
37	187.9729064	74.02463054
37.03125	173.1217949	174.1410256
37.0625	177.0066372	18.03982301
37.09375	161.9175258	119.371134
37.125	159.2110092	29.11238532
37.15625	175.1940299	13.07036247
37.1875	165.0765766	58.92342342
37.21875	166.0936709	43.42278481
37.25	149.1482301	112.5376106
37.28125	167.1303419	209.0811966
37.3125	532.995614	90.08114035
37.34375	173.494577	135.9934924
37.375	171.9576471	98.54352941
37.40625	167.8004535	25.84807256
37.4375	177.1163895	156.0688836
37.46875	159.192399	114.2375297
37.5	170.0864198	106.9283951
37.53125	161.6141176	17.78117647
37.5625	163.5637149	22.60259179
37.59375	165.5459184	104.7627551
37.625	161.2902375	125.4063325
37.65625	176.7657658	190.1463964
37.6875	162.2106538	55.69007264
37.71875	166.311054	12.75321337
37.75	178.9449541	111.2706422
37.78125	171.3097561	14.06829268
37.8125	180.6091954	134.3471264
37.84375	191.6009852	18.07389163
37.875	175.8671679	82.77192982
37.90625	170.8131579	19.63157895
37.9375	191.6733668	12.17085427
37.96875	174.0486726	84.9159292
38	168.2204301	181.5188172
38.03125	159.6923077	15.14705882
38.0625	162.7917738	76.22622108
38.09375	176.2178218	69.53217822
38.125	164.6775819	22.62972292
38.15625	156.907455	189.6580977
38.1875	178.4641975	54.8691358
38.21875	166.5628141	191.3341709
38.25	168.243038	56.23037975
38.28125	168.6919192	54.20707071
38.3125	165.7379679	18.4144385
38.34375	183.7783641	22.84960422
38.375	168.8329238	15.80589681
38.40625	186.1884422	83.92211055
38.4375	156.102381	16.99047619
38.46875	183.2487685	86.87438424
38.5	170.5732648	20.98200514
38.53125	183.9820972	92.68030691
38.5625	175.3379121	103.1263736
38.59375	171.5544304	196.6962025
38.625	172.7084469	256.1852861
38.65625	166.5340599	26.31607629
38.6875	151.1022099	276.0745856
38.71875	174.4946809	93.53457447
38.75	167.660221	41.84254144
38.78125	171.5541237	13.51804124
38.8125	195.9835616	14.43561644
38.84375	181.2763819	141.5175879
38.875	186.2874618	50.52293578
38.90625	173.5594595	135.0810811
38.9375	166.7857143	104.3227513
38.96875	174.3428571	123.374026
39	188.9811321	12.84097035
39.03125	162.8803191	21.21010638
39.0625	186.2382199	19.85078534
39.09375	183.255814	259.9418605
39.125	188.6614907	14.18944099
39.15625	167.6742424	25.93181818
39.1875	170.1554878	289.2012195
39.21875	165.6609687	29.33333333
39.25	157.1982759	28.9454023
39.28125	171.358209	20.80298507
39.3125	172.3557951	17.59838275
39.34375	174.0945946	159.4648649
39.375	175.0769231	27.35042735
39.40625	163.027027	18.03303303
39.4375	185.4689266	76.66949153
39.46875	184.2017291	188.9510086
39.5	177.3685714	24.91428571
39.53125	198.0991254	119.8892128
39.5625	180.7338501	93.43410853
39.59375	151.5516304	48.92663043
39.625	178.8387978	44.04644809
39.65625	158.0693642	28.20520231
39.6875	145.0958549	647.6683938
39.71875	173.9484848	120.8818182
39.75	168.5632184	89.00574713
39.78125	163.4011799	102.1769912
39.8125	166.2611276	65.30267062
39.84375	211.4663073	14.94878706
39.875	162.6699029	78.3171521
39.90625	197.6523179	11.63245033
39.9375	157.9936306	27.65286624
39.96875	195.5883978	13.8038674
40	170.6111111	51.4005848
40.03125	179.380531	99.56047198
40.0625	154.3843931	30.50289017
40.09375	166.9201278	15.20766773
40.125	172.1570248	146.8347107
40.15625	151.5606936	242.3901734
40.1875	186.3333333	14.50980392
40.21875	190.1035503	15.20118343
40.25	162.8404908	36.65337423
40.28125	195.0915254	124.8372881
40.3125	207.3312883	17.14417178
40.34375	174.6084337	19.2439759
40.375	177.0494186	131.5290698
40.40625	158.7876923	23.17846154
40.4375	194.0449438	87.8258427
40.46875	172.0501475	85.32448378
40.5	174.9810726	29.41955836
40.53125	194.7102804	384.8598131
40.5625	192.7343284	15.30447761
40.59375	181.2426036	31.80769231
40.625	170.1716867	31.84337349
40.65625	189.6736527	58.70958084
40.6875	181.6134969	127.3711656
40.71875	189.3168317	67.05610561
40.75	170.9324324	83.32094595
40.78125	180.5329341	13.76347305
40.8125	185.6513158	454.4342105
40.84375	172.4197952	61.84982935
40.875	175.8343373	112.7831325
40.90625	186.283871	15.87741935
40.9375	181.2061538	294.8553846
40.96875	167.8154362	126.0402685
41	175.2916667	77.93910256
41.03125	164.3095238	15.2202381
41.0625	178.3741935	15.41935484
41.09375	211.4952381	111.2761905
41.125	151.130719	332.0653595
41.15625	173.0825397	177.3555556
41.1875	172.3733333	185.3966667
41.21875	174.4746835	19.35443038
41.25	169.0333333	309.9733333
41.28125	159.5958904	77.61986301
41.3125	179.0833333	15.33928571
41.34375	194.3448276	81.11912226
41.375	168.7366667	62.93333333
41.40625	189.808642	17.64197531
41.4375	178.7138365	63.59748428
41.46875	184.9822064	18.31672598
41.5	179.8514851	28.29042904
41.53125	196.4563758	235.442953
41.5625	174.8055556	17.31597222
41.59375	224.9662921	16.32958801
41.625	175.0702875	254.1405751
41.65625	176.2739726	55.46575342
41.6875	172.7628458	16.95652174
41.71875	203.6666667	24.17894737
41.75	172.6425993	233.1407942
41.78125	181.4356436	18.85808581
41.8125	180.0273038	18.67576792
41.84375	159.3950617	274.8364198
41.875	188.3403509	15.85614035
41.90625	174.3741259	14.0034965
41.9375	188.1283019	19.2
41.96875	170.4812287	61.80887372
42	183.6437908	150.1143791
42.03125	175.3163636	17.2
42.0625	185.3562092	29.87581699
42.09375	195.7380952	15.44217687
42.125	170.5877863	45.67938931
42.15625	174.8082707	19.55639098
42.1875	178.632107	239.5819398
42.21875	184.8548896	21.3785489
42.25	201.7224335	89.00760456
42.28125	189.0288809	18.57400722
42.3125	158.6881356	225.7152542
42.34375	189.0037594	61.78947368
42.375	188.6526316	17.1122807
42.40625	191.5233333	95.04
42.4375	175.3818898	15.22047244
42.46875	175.6859206	86.61371841
42.5	179.5523466	347.8555957
42.53125	181.414966	22.23469388
42.5625	199.0208333	195.1979167
42.59375	188.018797	158.387218
42.625	168.049505	41.86468647
42.65625	189.0467626	218.5827338
42.6875	166.7275542	291.4860681
42.71875	168.2710623	127.8351648
42.75	193.6286765	14.52573529
42.78125	176.8521127	60.72887324
42.8125	176.0640569	24.18149466
42.84375	181.7869416	41.76632302
42.875	200.1384615	17.73846154
42.90625	173.2906574	18.53633218
42.9375	175.9925651	39.37174721
42.96875	185.3333333	32.55426357
43	176.6881356	25.45084746
43.03125	173.6896552	61.11111111
43.0625	185.807971	98.11231884
43.09375	172.2936803	19.07063197
43.125	196.7333333	14.09824561
43.15625	203.5505618	22.21722846
43.1875	156.6067416	19.96629213
43.21875	209.8933824	55.48529412
43.25	188.5198556	19.25631769
43.28125	183.7400722	33.35018051
43.3125	185.5308642	21.01234568
43.34375	161.615917	113.4221453
43.375	175.2344322	195.0512821
43.40625	188.7368421	94
43.4375	177.9251701	16.95238095
43.46875	178.5569106	29.3495935
43.5	166.3040293	163.0732601
43.53125	181.0614334	99.46757679
43.5625	163.8385965	82.02105263
43.59375	181.9058824	18.68627451
43.625	209.9176471	16.85490196
43.65625	177.8081181	78.29151292
43.6875	197.0358423	39.22939068
43.71875	162.7870722	50.1634981
43.75	234.1509434	333.2754717
43.78125	207.2395437	163.6692015
43.8125	198.4067164	16.11567164
43.84375	179.6062718	18.83275261
43.875	171.2578125	112.4140625
43.90625	174.3646617	13.45864662
43.9375	191.3466135	203.8924303
43.96875	210.33213	154.8555957
44	189.1705426	27.31007752
44.03125	180.2274678	275.4034335
44.0625	188.6953125	158.546875
44.09375	167.3372093	19.45736434
44.125	176.8376068	45.67094017
44.15625	173.4897119	75.55967078
44.1875	191.0466926	103.5330739
44.21875	162.6459144	50.75486381
44.25	176.5381679	28.83587786
44.28125	176.3574468	18.28510638
44.3125	186.6225681	17.17898833
44.34375	171.4981949	239.3646209
44.375	179.2241379	18.32758621
44.40625	191.439834	42.51037344
44.4375	190.197026	201.464684
44.46875	164.1152416	99.133829
44.5	159.5894309	53.99593496
44.53125	151.156	14.968
44.5625	194.3003953	169.2411067
44.59375	166.3047619	749.5714286
44.625	204.6540084	21.55696203
44.65625	222.5787037	57.26388889
44.6875	171.7835821	176.608209
44.71875	145.1087866	15.17573222
44.75	181.4147287	115.496124
44.78125	193.2579365	35.25396825
44.8125	177.608	16.216
44.84375	203.8740458	83.23282443
44.875	184.1046025	22.75732218
44.90625	182.6219512	23.73577236
44.9375	163.008	15.876
44.96875	171.6859504	203.7644628
45	176.55	18.47083333
45.03125	176.2697842	22.32374101
45.0625	176.7747748	46.86486486
45.09375	165.7580645	35.45967742
45.125	182.5531915	23.96595745
45.15625	155.971831	16.75117371
45.1875	166.8373016	47.72222222
45.21875	190.6227273	138.7181818
45.25	171.2380952	19.6031746
45.28125	196.8486239	23.6559633
45.3125	204.8846154	248.4461538
45.34375	165.7321429	76.29017857
45.375	160.492126	133.3700787
45.40625	160.1260504	67.68487395
45.4375	260.4954128	229.793578
45.46875	175.5689655	22.13362069
45.5	187.0309735	564.7743363
45.53125	161.0046083	120.9723502
45.5625	189.6587302	266.0595238
45.59375	189.535316	78.65427509
45.625	166.2025316	20.55696203
45.65625	202.6743119	146.5688073
45.6875	172.9709544	25.19917012
45.71875	184.7542373	15.5720339
45.75	209.8789063	137.3984375
45.78125	186.635514	260.8130841
45.8125	190.4888889	99.79111111
45.84375	180.0909091	82.41287879
45.875	182.3559322	25.79661017
45.90625	181.7327586	237.125
45.9375	179.8305785	394.5371901
45.96875	174.2964427	369.4031621
46	169.9591837	195.3510204
46.03125	179.0691244	23.70506912
46.0625	224.1886792	112.5943396
46.09375	193.1953488	15.34883721
46.125	229.1622807	355.0614035
46.15625	165.5364807	65.60085837
46.1875	174.9806763	23.49758454
46.21875	239.0045249	106.5248869
46.25	151.5263158	19.94736842
46.28125	218.5140187	86.75700935
46.3125	157.6015936	39.56573705
46.34375	181.275	116.3833333
46.375	194.4858491	329.3160377
46.40625	187.7636364	25.4
46.4375	202.5020921	19.49790795
46.46875	214.8073394	15.82110092
46.5	206.4713656	17.92511013
46.53125	187.7511962	14.784689
46.5625	188.4137931	113.9568966
46.59375	178.1555556	147.8666667
46.625	221.1880342	65.79059829
46.65625	166.5506608	199.0660793
46.6875	196.7579909	35.94520548
46.71875	179.3246753	19.70562771
46.75	203.7219731	243.4977578
46.78125	181.7022222	29.48888889
46.8125	188.3194444	141.3657407
46.84375	191.9784483	26.08189655
46.875	197.1410788	23.53526971
46.90625	173.7029703	16.03960396
46.9375	217.7037037	22.07407407
46.96875	178.8421053	19.22488038
47	156.1806167	19.26431718
47.03125	198.7798165	164.1146789
47.0625	167.9126214	483.5291262
47.09375	191.6351351	232.7657658
47.125	162.1238095	150.5285714
47.15625	232.7222222	395.2916667
47.1875	182.2139535	260.4604651
47.21875	195.4221106	16.9798995
47.25	175.962963	248.909465
47.28125	150.9952607	54.38862559
47.3125	187.42723	21.85915493
47.34375	190.1802575	38.55793991
47.375	189.0093023	21.46511628
47.40625	189.4038462	17.91346154
47.4375	183.4247788	19.52212389
47.46875	191.0266667	108.96
47.5	184.2572816	26.02427184
47.53125	191.7683616	100.8022599
47.5625	189.57277	76.81220657
47.59375	163.3333333	20.05405405
47.625	183.7268041	21.46391753
47.65625	197.4365482	363.3401015
47.6875	180.838565	28.97309417
47.71875	192.2453704	370.9861111
47.75	217.3207547	19.58018868
47.78125	189.8309859	21.76056338
47.8125	205.1287129	19.25742574
47.84375	189.25	384.575
47.875	174.3227273	17.05909091
47.90625	165.6141304	15.83695652
47.9375	204.6380952	319.8571429
47.96875	216.5755814	52.99418605
48	213.3636364	102.657754
48.03125	190.0428571	275.7857143
48.0625	172.8497653	21.63380282
48.09375	206.3366834	114.3869347
48.125	170.2247706	33.50458716
48.15625	204.9037433	79.89304813
48.1875	187.195	534.615
48.21875	209.2511416	90.29223744
48.25	215.5927835	373.1907216
48.28125	205.8720379	27.06161137
48.3125	183.1116505	492.9805825
48.34375	210.480198	133.6485149
48.375	190.7025641	323.5794872
48.40625	163.6492891	16.90521327
48.4375	169.8207547	19.46226415
48.46875	171.7319588	21.30412371
48.5	166.5979381	166.1752577
48.53125	171.1953488	151.7581395
48.5625	194.7113402	269.5927835
48.59375	186.6392694	22.56164384
48.625	193.5315789	260.9473684
48.65625	188.5336788	171.9792746
48.6875	236.1	17.73
48.71875	210.9141414	23.45454545
48.75	183.3459459	24.61621622
48.78125	168.4179104	25.86069652
48.8125	184.8432432	21.77297297
48.84375	254.5380711	101.680203
48.875	180.5409091	93.28181818
48.90625	225.5956284	89.26775956
48.9375	188.375	26.86413043
48.96875	165.8831776	266.6448598
49	185.345	127.35
49.03125	182.6512821	55.07692308
49.0625	198.0047393	47.63033175
49.09375	192.4545455	20.12987013
49.125	173.7	354.73
49.15625	172.5979381	19.84020619
49.1875	210.8195876	358.7216495
49.21875	185.1584699	491.6502732
49.25	172.4727273	17.37575758
49.28125	157.6470588	128.719457
49.3125	173.3937824	20.0880829
49.34375	207.4066986	266.3444976
49.375	174.8894231	24.52403846
49.40625	170.4088398	191.1546961
49.4375	223.6703297	126.0549451
49.46875	177.75	49.48636364
49.5	164.8191489	59.13829787
49.53125	188.1128205	33.64102564
49.5625	197.7202073	20.37305699
49.59375	174.9855769	18.87019231
49.625	198.483871	24.43010753
49.65625	207.0970874	369.5728155
49.6875	228.8770053	86.89304813
49.71875	166.8518519	18.77314815
49.75	170.2752294	336.4770642
49.78125	187.3831776	99.25700935
49.8125	166.0505618	84.68539326
49.84375	219.6149425	341.7586207
49.875	195.5989011	31.96703297
49.90625	220.8527919	18.35025381
49.9375	189.6612903	64.37096774
49.96875	182.4315789	46.18421053
50	167.203125	55.88020833
